nitrogen 0.2789 -0.95 -0.4499 -0.5536 0.4729 0.3534 0.7844 -0.8261
understanding -0.1562 -0.9404 -0.5627 0.0107 -0.9469 -0.6023 0.2998 0.0899
automated -0.5591 0.1785 0.6189 -0.987 0.6116 0.3963 -0.3195 -0.689
maintaining 0.9144 -0.3268 -0.8145 -0.8066 0.695 0.2075 0.6143 0.4595
crop 0.0725 0.9462 -0.2429 0.1041 0.6588 0.237 0.7234 0.1547
retention. 0.4091 -0.9084 -0.5442 -0.4212 -0.8404 -0.5344 -0.798 -0.4441
wastage 0.2714 -0.2703 -0.2596 -0.581 -0.466 0.8733 0.2961 0.2183
use. -0.6577 0.4583 -0.6732 -0.2411 0.979 0.28 0.1139 0.3692
essential 0.6857 0.552 -0.5419 -0.9358 -0.3691 -0.4645 -0.578 0.8858
potassium 0.7527 -0.3706 0.3109 -0.2087 0.8291 -0.0823 -0.4702 -0.5067
reduces 0.1227 -0.4745 0.1692 0.7956 -0.2012 -0.5614 0.9951 0.0191
organic -0.8182 -0.9058 -0.7807 0.2549 0.5842 -0.1557 -0.8729 -0.2368
plant 0.9922 0.0582 0.9422 0.7216 -0.977 0.4414 0.3634 0.0739
improve -0.4663 0.2819 -0.7769 -0.1305 -0.0926 0.9076 0.7517 -0.4732
efficiency. 0.0012 -0.6427 0.8253 0.741 -0.4031 0.2779 0.2179 -0.6943
changes 0.525 0.0788 0.5573 0.0607 -0.9989 -0.3517 -0.961 0.8582
control 0.7574 0.6633 -0.385 -0.8841 0.756 0.8939 -0.8287 -0.028
growth. -0.8616 0.5212 0.5317 -0.7432 -0.0494 0.0996 -0.4699 0.7449
matter -0.1537 -0.5764 0.0786 0.4599 -0.5977 -0.3766 0.9903 0.2998
like -0.1238 0.0352 -0.758 -0.5506 -0.3238 0.1766 -0.5398 -0.5596
and -0.858 0.2622 -0.5421 0.8108 0.7193 -0.8583 -0.524 0.338
optimize -0.5715 -0.7354 0.871 0.1421 -0.0547 0.5692 0.615 -0.6192
frequency. -0.8061 -0.1379 -0.1528 -0.066 0.4582 0.3467 0.9683 -0.8032
sustainable -0.1948 -0.3214 0.7233 -0.5027 -0.6196 -0.1028 -0.1562 -0.4429
soil -0.5004 0.8465 -0.1137 0.7227 0.1007 -0.8988 0.9986 0.6721
healthy 0.938 0.8527 0.6974 -0.6674 -0.0287 -0.5725 -0.1979 -0.8827
require -0.2421 0.9706 -0.4696 0.5681 -0.09 -0.154 0.9146 0.9908
pest 0.1115 0.4368 -0.6904 -0.4066 0.9374 0.1584 0.0844 0.496
specific -0.8857 0.1684 0.0057 0.7054 -0.6851 0.9216 -0.8398 -0.6284
long-term 0.1901 0.3504 -0.5296 -0.7602 0.7806 -0.5076 0.189 0.2388
levels. -0.1616 0.1673 0.0456 0.8694 -0.5915 0.4324 -0.5226 -0.2084
significantly. 0.3434 -0.4 -0.3676 0.5037 -0.8549 -0.0834 0.9969 0.9922
crops -0.8535 -0.5737 -0.4696 0.8665 0.7617 0.7585 -0.2609 -0.6845
production. 0.6675 0.4071 0.2234 0.9745 0.308 -0.9844 0.6342 -0.4012
helps 0.3268 0.8779 -0.7314 -0.7691 -0.7859 0.1064 -0.4553 0.2097
practices 0.4352 -0.5928 0.2685 -0.472 -0.0229 0.8107 0.6922 -0.8154
yield. -0.1528 -0.4466 -0.9929 0.5422 0.2742 -0.4761 0.4825 0.1034
irrigation -0.1446 -0.9807 -0.8495 0.7662 0.8079 0.0912 0.6692 0.165
increases -0.7038 -0.7451 -0.3835 0.798 0.5922 0.7214 0.7978 -0.5798
systems -0.5009 -0.7944 0.5602 0.7683 -0.1872 0.2413 -0.6909 0.8598
weather 0.7292 0.9524 0.6215 0.7628 -0.9504 0.4731 -0.3356 0.8616
for 0.6045 0.7281 0.6215 -0.4664 0.5747 -0.7838 0.7443 0.7172
fertility. -0.5551 0.6332 -0.0794 -0.3896 0.5907 -0.5448 -0.9527 -0.6137
support -0.3435 0.7287 0.9338 -0.4418 0.283 -0.2006 0.9623 0.0724
is 0.8785 -0.7693 0.9408 -0.6429 0.9251 -0.4691 -0.7832 -0.1309
optimal 0.4571 -0.3726 0.2124 0.0228 -0.2296 0.1532 -0.4906 0.4176
water -0.9966 0.8512 0.0769 0.4389 0.4839 0.3413 -0.2716 -0.8601
drip 0.3285 -0.3396 -0.3722 0.696 0.4395 -0.3994 -0.3814 -0.1832
stages -0.1952 -0.4087 -0.7454 -0.1591 0.8807 0.3546 0.8056 0.231
affect -0.3981 0.0959 -0.9992 -0.4262 -0.1402 0.16 0.3094 -0.07
growth -0.1157 -0.5726 -0.0536 0.8024 0.592 -0.6606 -0.8304 0.0309
enhance 0.2659 -0.3296 0.6368 0.5023 0.3456 -0.5507 -0.6017 -0.9511
improves -0.5103 -0.0497 0.6995 -0.8543 -0.1711 0.2595 -0.6111 0.3927
different -0.0112 -0.512 0.3121 -0.9889 0.5019 0.5401 -0.7868 -0.1497
moisture -0.6482 0.9159 0.0359 -0.8996 -0.5016 0.6967 -0.0871 0.6028
nutrients 0.3352 0.9758 0.1909 0.9001 0.7829 0.2253 0.4385 0.0096
