Input Embeddings:
 [[[ 0.49671415 -0.1382643   0.64768854  1.52302986 -0.23415337
   -0.23413696  1.57921282  0.76743473 -0.46947439  0.54256004
   -0.46341769 -0.46572975  0.24196227 -1.91328024 -1.72491783
   -0.56228753]
  [-1.01283112  0.31424733 -0.90802408 -1.4123037   1.46564877
   -0.2257763   0.0675282  -1.42474819 -0.54438272  0.11092259
   -1.15099358  0.37569802 -0.60063869 -0.29169375 -0.60170661
    1.85227818]
  [-0.01349722 -1.05771093  0.82254491 -1.22084365  0.2088636
   -1.95967012 -1.32818605  0.19686124  0.73846658  0.17136828
   -0.11564828 -0.3011037  -1.47852199 -0.71984421 -0.46063877
    1.05712223]
  [ 0.34361829 -1.76304016  0.32408397 -0.38508228 -0.676922
    0.61167629  1.03099952  0.93128012 -0.83921752 -0.30921238
    0.33126343  0.97554513 -0.47917424 -0.18565898 -1.10633497
   -1.19620662]
  [ 0.81252582  1.35624003 -0.07201012  1.0035329   0.36163603
   -0.64511975  0.36139561  1.53803657 -0.03582604  1.56464366
   -2.6197451   0.8219025   0.08704707 -0.29900735  0.09176078
   -1.98756891]]]

Transformed Embeddings:
 [[[-8.30368311e-01  8.99032523e-01 -3.09652970e-01  2.30785653e-01
   -1.76774661e-01 -7.75917132e-01  2.31658716e-01  1.66554646e+00
   -1.47894235e+00 -5.19338002e-01 -9.04303889e-01 -8.43378210e-01
   -7.43802375e-01  1.52074469e+00  2.48553572e-02  2.00985450e+00]
  [-2.38857768e-01  1.46430587e+00  1.50236042e-01  1.25072739e+00
    1.42880606e-01 -1.33659517e+00 -2.29180016e-01  2.12178804e+00
   -1.80115197e+00 -2.30522185e-01 -1.13895301e+00  4.13479428e-04
   -4.86544476e-01 -2.75859692e-01 -3.12263243e-01  9.19576105e-01]
  [ 1.09218176e+00 -2.87080253e-01 -7.45841998e-02 -4.26914119e-01
    8.15214485e-01 -1.37869148e+00 -1.44110150e-01  2.13323131e+00
   -1.60336617e+00 -1.52088094e+00  1.54933179e-01  3.16196664e-01
   -9.15172702e-01  9.62464800e-01  7.87699580e-01  8.88782324e-02]
  [-2.30501549e-01  2.58628252e+00 -8.48814014e-02 -2.68930524e-01
    1.02754030e+00  1.15044979e-01 -1.66634017e+00  3.99342553e-01
   -1.26283661e+00 -2.91715615e-01  9.14977294e-01 -8.67192198e-01
   -7.37038356e-01 -7.96629853e-01  7.39863556e-01  4.23015071e-01]
  [-6.10166487e-01  2.47534174e+00 -1.30938158e+00  9.50432108e-01
    1.87104836e-01 -1.73875635e-01  1.71149483e-01  1.57548039e+00
   -6.33869980e-01 -1.27862643e+00 -4.03362797e-01 -7.65889661e-01
   -1.00509083e+00  8.70595802e-02  2.55263997e-02  7.08168862e-01]]]
